0   0.5   9999   9999   9999   9999   9999   9999   9999   9999   9999   9999   9999   9999   9999   9999   9999   9999   9999   9999   9999   9999
                                                                                                           
0.5   0   0.25   9999   9999   9999   9999   9999   9999   9999   9999   9999   9999   9999   9999   9999   9999   1   9999   9999   9999   9999  
                                                                                                             
9999   0.25   0   0.05   9999   9999   9999   9999   9999   9999   9999   9999   9999   9999   9999   9999   9999   9999   9999   9999   9999   9999
                                                                                                                  
9999   9999   0.05   0   0.05   9999   9999   9999   9999   9999   9999   9999   9999   9999   9999   9999   9999   9999   9999   9999   9999   9999 
  
9999   9999   9999   0.05   0   0.25   9999   9999   9999   9999   9999   9999   9999   9999   9999   9999   9999   9999   9999   9999   9999   9999 
   
9999   9999   9999   9999   0.25   0   2   9999   9999   9999   9999   9999   9999   9999   9999   9999   9999   9999   9999   9999   9999   9999     
  
9999   9999   9999   9999   9999   2   0   0.5   9999   9999   9999   9999   9999   9999   9999   9999   9999   9999   9999   9999   9999   9999    
  
9999   9999   9999   9999   9999   9999   0.5   0   1   9999   9999   9999   9999   9999   9999   9999   9999   9999   9999   9999   9999   9999
  
9999   9999   9999   9999   9999   9999   9999   1   0   5   9999   2   9999   9999   9999   9999   9999   9999   9999   9999   9999   9999 
  
9999   9999   9999   9999   9999   9999   9999   9999   5   0   0.01   9999   9999   9999   9999   9999   6   9999   9999   9999   9999   9999   
 
9999   9999   9999   9999   9999   9999   9999   9999   9999   0.1   0   9999   0.5   9999   9999   9999   9999   9999   9999   9999   9999   9999   
 
9999   9999   9999   9999   9999   9999   9999   9999   2   9999   9999   0   2   9999   9999   9999   9999   9999   9999   9999   9999   9999
 
9999   9999   9999   9999   9999   9999   9999   9999   9999   9999   0.5   2   0   1   9999   9999   9999   9999   9999   9999   9999   9999
  
9999   9999   9999   9999   9999   9999   9999   9999   9999   9999   9999   9999   1   0   2   9999   9999   9999   9999   9999   9999   9999
  
9999   9999   9999   9999   9999   9999   9999   9999   9999   9999   9999   9999   9999   2   0   1   9999   9999   9999   0.5   3   9999
  
9999   9999   9999   9999   9999   9999   9999   9999   9999   9999   9999   9999   9999   9999   1   0   1   9999   9999   9999   9999   9999
  
9999   9999   9999   9999   9999   9999   9999   9999   9999   6  9999   9999   9999   9999   9999   1   0   1.5   9999   9999   9999   9999
  
9999   1   9999   9999   9999   9999   9999   9999   9999   9999   9999   9999   9999   9999   9999   9999   1.5   0   2   9999   9999   9999 
  
9999   9999   9999   9999   9999   9999   9999   9999   9999   9999   9999   9999   9999   9999   9999   9999   9999   2   0   9999   4   0.3
  
9999   9999   9999   9999   9999   9999   9999   9999   9999   9999   9999   9999   9999   9999   0.5   9999   9999   9999   9999   0   9999   9999   
  
9999   9999   9999   9999   9999   9999   9999   9999   9999   9999   9999   9999   9999   9999   3   9999   9999   9999   4   9999   0   0.5
  
9999   9999   9999   9999   9999   9999   9999   9999   9999   9999   9999   9999   9999   9999   9999   9999   9999   9999   0.3   9999   0.5   0
 